timestamps:
  lastteleport: 1390073289206
  logout: 1390154095488
  login: 1390152115612
lastlocation:
  world: world
  x: -134.97630327700406
  y: 66.86512829970259
  z: 515.1028760690039
  yaw: -50.401386
  pitch: 1.8000766
logoutlocation:
  world: world
  x: -448.13393530656947
  y: 73.0
  z: 612.9879000813299
  yaw: -68.99809
  pitch: 3.3000069
ipAddress: 127.0.0.1
afk: false
