timestamps:
  lastteleport: 1390073289206
  logout: 1390084906344
  login: 1390081612988
lastlocation:
  world: world
  x: -134.97630327700406
  y: 66.86512829970259
  z: 515.1028760690039
  yaw: -50.401386
  pitch: 1.8000766
logoutlocation:
  world: world
  x: -144.40580327564336
  y: 102.11237765184477
  z: 515.629527775723
  yaw: -226.20142
  pitch: 35.700077
ipAddress: 127.0.0.1
afk: false
