spawns: 
  default: 
    world: world
    x: -443.6660627016099
    y: 85.0
    z: 618.0839370927589
    yaw: -2.3980703
    pitch: 20.400015
