spawns: 
  default: 
    world: world
    x: -130.31564802674473
    y: 64.0
    z: 503.36158685015585
    yaw: 92.24862
    pitch: 6.300076
