timestamps:
  lastteleport: 1390073289206
  logout: 1390081329236
  login: 1390079818186
lastlocation:
  world: world
  x: -134.97630327700406
  y: 66.86512829970259
  z: 515.1028760690039
  yaw: -50.401386
  pitch: 1.8000766
logoutlocation:
  world: world
  x: -175.5993181153871
  y: 124.19544295323203
  z: 509.0548628509365
  yaw: -135.75293
  pitch: 44.700127
ipAddress: 127.0.0.1
afk: false
